1 2 3 4 5  
10 20 30 40 50 
2 4 6 8 10
1 3 2 5 4
5 3 1 4 2
50 40 30 20 10  
10 8 6 4 2
5 4 3 2 1
7 1 5 3 9 2
100 50 25 10 5 1
1 2 4 8 16 32 64
7 6 5 4 3 2 1
14 18 12 20 16 10 22 24 26
1 5 3 7 9 6 2 4 8
3 7 2 8 1 9 6 5 4      
2 9 5 7 3 6 1 4 8  
8 4 2 6 9 1 3 7 5
12 25 3 11 7 9 15 1 19
1 1 1 1 1 1 1 1 1   
13 17 19 23 29 31 37 41 43
99 88 77 66 55 44 33 22 11
15 22 13 19 27 31 17 8 6  
10 9 8 7 6 5 4 3 2 1  
100 90 80 70 60 50 40 30 20 10      
42 35 28 21 14 7 0 -7 -14 -21
1 2 3 4 5 6 7 8 9 10
10 20 30 40 50 60 70 80 90 100  
50 40 30 20 10 5 15 25 35 45
99 1 98 2 97 3 96 4 95 5    
3 1 4 1 5 9 2 6 5 3 5                    